(-0.1234444444439999,2.123444444444) (-0.1234444444439999,2.123444444444) (-0.1234444444439999,2.123444444444) (-0.1234444444439999,2.123444444444) (-0.1234444444439999,2.123444444444) (0,2) (0,2) (0,2) (0,2) (0,2) (0,2) (0,2) (0,2) (0,2) (0,2) (0,2) (0,2) (0,2) (0,2) (0,2) (0,2) (0,2) (0,2) (0,2) (0,2) 
(-0.1234444444439999,2.123444444444) (-0.1234444444439999,2.123444444444) (-0.1234444444439999,2.123444444444) (-0.1234444444439999,2.123444444444) (-0.1234444444439999,2.123444444444) (0,2) (0,2) (0,2) (0,2) (0,2) (0,2) (0,2) (0,2) (0,2) (0,2) (0,2) (0,2) (0,2) (0,2) (0,2) (0,2) (0,2) (0,2) (0,2) (0,2) 
(-0.1234444444439999,2.123444444444) (-0.1234444444439999,2.123444444444) (-0.1234444444439999,2.123444444444) (-0.1234444444439999,2.123444444444) (-0.1234444444439999,2.123444444444) (0,2) (0,2) (0,2) (0,2) (0,2) (0,2) (0,2) (0,2) (0,2) (0,2) (0,2) (0,2) (0,2) (0,2) (0,2) (0,2) (0,2) (0,2) (0,2) (0,2) 
(-0.1234444444439999,2.123444444444) (-0.1234444444439999,2.123444444444) (-0.1234444444439999,2.123444444444) (-0.1234444444439999,2.123444444444) (-0.1234444444439999,2.123444444444) (0,2) (0,2) (0,2) (0,2) (0,2) (0,2) (0,2) (0,2) (0,2) (0,2) (0,2) (0,2) (0,2) (0,2) (0,2) (0,2) (0,2) (0,2) (0,2) (0,2) 
(-0.1234444444439999,2.123444444444) (-0.1234444444439999,2.123444444444) (-0.1234444444439999,2.123444444444) (-0.1234444444439999,2.123444444444) (-0.1234444444439999,2.123444444444) (0,2) (0,2) (0,2) (0,2) (0,2) (0,2) (0,2) (0,2) (0,2) (0,2) (0,2) (0,2) (0,2) (0,2) (0,2) (0,2) (0,2) (0,2) (0,2) (0,2) 
(0,2) (0,2) (0,2) (0,2) (0,2) (0,2) (0,2) (0,2) (0,2) (0,2) (0,2) (0,2) (0,2) (0,2) (0,2) (0,2) (0,2) (0,2) (0,2) (0,2) (0,2) (0,2) (0,2) (0,2) (0,2) 
(0,2) (0,2) (0,2) (0,2) (0,2) (0,2) (0,2) (0,2) (0,2) (0,2) (0,2) (0,2) (0,2) (0,2) (0,2) (0,2) (0,2) (0,2) (0,2) (0,2) (0,2) (0,2) (0,2) (0,2) (0,2) 
(0,2) (0,2) (0,2) (0,2) (0,2) (0,2) (0,2) (0,2) (0,2) (0,2) (0,2) (0,2) (0,2) (0,2) (0,2) (0,2) (0,2) (0,2) (0,2) (0,2) (0,2) (0,2) (0,2) (0,2) (0,2) 
(0,2) (0,2) (0,2) (0,2) (0,2) (0,2) (0,2) (0,2) (0,2) (0,2) (0,2) (0,2) (0,2) (0,2) (0,2) (0,2) (0,2) (0,2) (0,2) (0,2) (0,2) (0,2) (0,2) (0,2) (0,2) 
(0,2) (0,2) (0,2) (0,2) (0,2) (0,2) (0,2) (0,2) (0,2) (0,2) (0,2) (0,2) (0,2) (0,2) (0,2) (0,2) (0,2) (0,2) (0,2) (0,2) (0,2) (0,2) (0,2) (0,2) (0,2) 
(0,2) (0,2) (0,2) (0,2) (0,2) (0,2) (0,2) (0,2) (0,2) (0,2) (0,2) (0,2) (0,2) (0,2) (0,2) (0,2) (0,2) (0,2) (0,2) (0,2) (0,2) (0,2) (0,2) (0,2) (0,2) 
(0,2) (0,2) (0,2) (0,2) (0,2) (0,2) (0,2) (0,2) (0,2) (0,2) (0,2) (0,2) (0,2) (0,2) (0,2) (0,2) (0,2) (0,2) (0,2) (0,2) (0,2) (0,2) (0,2) (0,2) (0,2) 
(0,2) (0,2) (0,2) (0,2) (0,2) (0,2) (0,2) (0,2) (0,2) (0,2) (0,2) (0,2) (0,2) (0,2) (0,2) (0,2) (0,2) (0,2) (0,2) (0,2) (0,2) (0,2) (0,2) (0,2) (0,2) 
(0,2) (0,2) (0,2) (0,2) (0,2) (0,2) (0,2) (0,2) (0,2) (0,2) (0,2) (0,2) (0,2) (0,2) (0,2) (0,2) (0,2) (0,2) (0,2) (0,2) (0,2) (0,2) (0,2) (0,2) (0,2) 
(0,2) (0,2) (0,2) (0,2) (0,2) (0,2) (0,2) (0,2) (0,2) (0,2) (0,2) (0,2) (0,2) (0,2) (0,2) (0,2) (0,2) (0,2) (0,2) (0,2) (0,2) (0,2) (0,2) (0,2) (0,2) 
(0,2) (0,2) (0,2) (0,2) (0,2) (0,2) (0,2) (0,2) (0,2) (0,2) (0,2) (0,2) (0,2) (0,2) (0,2) (0,2) (0,2) (0,2) (0,2) (0,2) (0,2) (0,2) (0,2) (0,2) (0,2) 
(0,2) (0,2) (0,2) (0,2) (0,2) (0,2) (0,2) (0,2) (0,2) (0,2) (0,2) (0,2) (0,2) (0,2) (0,2) (0,2) (0,2) (0,2) (0,2) (0,2) (0,2) (0,2) (0,2) (0,2) (0,2) 
(0,2) (0,2) (0,2) (0,2) (0,2) (0,2) (0,2) (0,2) (0,2) (0,2) (0,2) (0,2) (0,2) (0,2) (0,2) (0,2) (0,2) (0,2) (0,2) (0,2) (0,2) (0,2) (0,2) (0,2) (0,2) 
(0,2) (0,2) (0,2) (0,2) (0,2) (0,2) (0,2) (0,2) (0,2) (0,2) (0,2) (0,2) (0,2) (0,2) (0,2) (0,2) (0,2) (0,2) (0,2) (0,2) (0,2) (0,2) (0,2) (0,2) (0,2) 
(0,2) (0,2) (0,2) (0,2) (0,2) (0,2) (0,2) (0,2) (0,2) (0,2) (0,2) (0,2) (0,2) (0,2) (0,2) (0,2) (0,2) (0,2) (0,2) (0,2) (0,2) (0,2) (0,2) (0,2) (0,2) 
(0,2) (0,2) (0,2) (0,2) (0,2) (0,2) (0,2) (0,2) (0,2) (0,2) (0,2) (0,2) (0,2) (0,2) (0,2) (0,2) (0,2) (0,2) (0,2) (0,2) (0,2) (0,2) (0,2) (0,2) (0,2) 
(0,2) (0,2) (0,2) (0,2) (0,2) (0,2) (0,2) (0,2) (0,2) (0,2) (0,2) (0,2) (0,2) (0,2) (0,2) (0,2) (0,2) (0,2) (0,2) (0,2) (0,2) (0,2) (0,2) (0,2) (0,2) 
(0,2) (0,2) (0,2) (0,2) (0,2) (0,2) (0,2) (0,2) (0,2) (0,2) (0,2) (0,2) (0,2) (0,2) (0,2) (0,2) (0,2) (0,2) (0,2) (0,2) (0,2) (0,2) (0,2) (0,2) (0,2) 
(0,2) (0,2) (0,2) (0,2) (0,2) (0,2) (0,2) (0,2) (0,2) (0,2) (0,2) (0,2) (0,2) (0,2) (0,2) (0,2) (0,2) (0,2) (0,2) (0,2) (0,2) (0,2) (0,2) (0,2) (0,2) 
(0,2) (0,2) (0,2) (0,2) (0,2) (0,2) (0,2) (0,2) (0,2) (0,2) (0,2) (0,2) (0,2) (0,2) (0,2) (0,2) (0,2) (0,2) (0,2) (0,2) (0,2) (0,2) (0,2) (0,2) (0,2) 
